.Random.seed <-
c(403L, 10L, 1778265521L, -911071136L, -919034370L, -1966468727L, 
682559163L, 716096138L, 1516985708L, -2145703185L, 1605899557L, 
-1675189284L, -823750222L, 58200237L, -1580556185L, -2089760882L, 
2125148264L, -1561125781L, -2056124919L, 1531668632L, -59616314L, 
1528784673L, -527400013L, -403477726L, 1101192468L, -832385641L, 
-565971571L, 18289828L, 334411402L, -1295897355L, -1347734705L, 
-1638618026L, 1526509312L, 975546947L, 588976609L, -480676528L, 
-328930386L, 1604323673L, 1092319083L, 273794778L, -1366833252L, 
1688165279L, -1893219851L, 350450828L, 252910946L, 812044605L, 
956545463L, 398999134L, 1672206232L, -694692101L, -783606119L, 
1049757480L, 952384982L, 2065326673L, 817412355L, 1302705298L, 
944998948L, -2081860377L, 1496877373L, 1400561076L, -1623645670L, 
-1595414171L, 733075455L, -737636730L, -2127915504L, -1787147085L, 
-767899823L, 1292839680L, 503796190L, -413107671L, -972113445L, 
599303914L, -1361722228L, 937413583L, 1510212485L, -1435611076L, 
1899405586L, 305358349L, -1603603129L, -95183058L, -1447562616L, 
-1104178293L, -320502935L, -829293256L, -90271770L, 1067140993L, 
-2070651117L, -1707939646L, -1837972620L, -62255241L, -625772435L, 
1077434116L, 260351530L, -2028696683L, -1744326609L, 1819527478L, 
-1181685408L, -1057478749L, 1106325697L, -263389008L, 1020317646L, 
1564263225L, 73993035L, 1108893946L, 1821792764L, 843004479L, 
-1597206763L, 1148869676L, -2056633086L, 1346792925L, -1747522345L, 
-109021250L, -800136712L, 981259739L, -723354567L, 1807568264L, 
-60454602L, -220474511L, -2140188253L, -1945105166L, 490524740L, 
1181598471L, -1982655779L, -1372816428L, -346014982L, -1124540859L, 
1844168351L, -1891787738L, 723368112L, 1053426003L, 665484401L, 
-1282080352L, -2130158274L, 2130033737L, -1912588037L, 571453642L, 
2101347884L, 1532779055L, 1998246629L, -604018788L, 562254322L, 
-990266259L, -103739993L, 1778939854L, 142267688L, 390874923L, 
-563720887L, 161370712L, 250243846L, 315967201L, 1219777139L, 
-1721345310L, 678717012L, -535646377L, 1673429837L, -167188764L, 
1128965834L, 1912514357L, -1765995121L, -1141200234L, -1621163456L, 
-33291517L, -807931103L, -2059324400L, -772992018L, 919659417L, 
-755098581L, 206104858L, -1828434980L, -1248547361L, -835257931L, 
-442378420L, -296137310L, -777462531L, 1229472247L, -1230467298L, 
-1983344168L, -946681029L, -772801319L, 1740648552L, -1866312298L, 
1299148049L, 809574083L, -1167524142L, 1001408356L, 1955175079L, 
1688642557L, -897337868L, -581496102L, 1987707941L, -178034369L, 
1354280646L, 1210229584L, -376554637L, 1595936145L, -532312128L, 
-457586274L, 728945513L, -1531140197L, -310120790L, 845752524L, 
780122511L, 774630853L, 1534407036L, -1117101614L, -85672627L, 
655540231L, 277180398L, 650843848L, 1157867979L, 1886239785L, 
-43251080L, 380688294L, 1053450689L, 1679210067L, 1693932802L, 
-2099254220L, 957713847L, 934977965L, -2053250364L, -1238567190L, 
530520405L, -1302335761L, -1167995658L, -2051867616L, -1862156829L, 
587570817L, -1953359632L, 489166734L, 109995042L, 713095432L, 
-262753140L, 1991926556L, 1299503250L, -1440249472L, 417160212L, 
1918492456L, 1789658682L, 470086096L, -112627348L, -1118767180L, 
-253002222L, 345531360L, 562308556L, 160040160L, -677998558L, 
-795560152L, -1964100084L, -802876612L, -872975374L, 122972912L, 
1327049284L, 403596888L, -572917958L, -1355688976L, 272492220L, 
817194260L, -1849003838L, 1619156064L, 768866684L, -1914333232L, 
1342806306L, 635285160L, -59851892L, -1461887812L, 391937842L, 
-201440704L, -2024397644L, -179043256L, -1472882246L, -577733104L, 
2061371628L, -41019052L, 1872484114L, -896305760L, 1435081420L, 
1797674592L, -1857503294L, -185703640L, 553217452L, -1262784196L, 
375529330L, -1991179984L, 751226660L, 1340646712L, 1217272538L, 
-1024702576L, -2031381764L, 678825876L, 485034050L, 2017787136L, 
-1468011460L, 1721888080L, -971269982L, -460605624L, 891139852L, 
2004699868L, -1679101102L, -1466846592L, -237610924L, -1889211416L, 
1982084858L, 493332816L, 1078919980L, -1495677068L, -352394350L, 
2010068576L, -1329483892L, 614634336L, -1596930078L, 1748287400L, 
-9036596L, -76345860L, -804181070L, 693225968L, -1844926012L, 
1633739096L, -134494854L, -1463782992L, 1144246204L, 97390676L, 
-2036587582L, -931265504L, -620585796L, 214964816L, 513408994L, 
567285352L, 597367372L, -81272580L, 274116594L, -870474496L, 
1126266740L, -626876408L, -767220294L, -35291696L, -1718893588L, 
-1842348140L, -369738798L, 1656010592L, -1671846580L, -2102964960L, 
-475593854L, -1150600472L, -1020287764L, 189246012L, -291828878L, 
134408816L, 1743501348L, -397539528L, -565220198L, 774206160L, 
-1110622020L, 395712148L, 635348610L, 2122931392L, 1271918908L, 
-663768944L, 1612622370L, 463037960L, -1774108404L, -1613688164L, 
-1729810926L, -176083584L, 572038676L, -1280289240L, 964715834L, 
1206732752L, 1639158380L, 963159860L, -241458542L, -1360512672L, 
1317785932L, -1629917216L, -1184489566L, -2097825880L, 350505868L, 
-1101207876L, 2114390898L, 1112193264L, 174872644L, 1069194584L, 
1413698618L, 1051575152L, 246039612L, -2090587372L, -1735439934L, 
318210272L, -2023753860L, 494460624L, -1442412894L, 2105295912L, 
-1034704628L, -1782352964L, -610353870L, -1628954688L, -1269329356L, 
914512840L, -190208838L, 1523527568L, -1748363796L, 644333652L, 
1331027602L, 1771436832L, -249098804L, 1081834464L, -1226947902L, 
-1721820632L, -786284884L, -2063199556L, 34566642L, 281397552L, 
823700644L, -1518558536L, 1058958170L, 240856464L, -953503364L, 
-723268332L, -436393662L, -775101696L, 2049498044L, 603216720L, 
665493794L, 130637128L, -807307252L, -1696139172L, -243079982L, 
453298176L, 92134228L, -389365272L, 2026403834L, -13945136L, 
-1067506388L, 516630772L, 1035429778L, -1372382112L, 1614028044L, 
-980269344L, 1506311522L, 1639129768L, 786291276L, -1590569092L, 
172436274L, -465166736L, -64316092L, -1297892392L, 1101262970L, 
1909466672L, -1920775492L, -1304983724L, -941966782L, 383249312L, 
-882366276L, 514662864L, 1202316642L, 1322652648L, 1475024844L, 
-1695917529L, 8979569L, 400054L, 45975124L, -1572656411L, -2087393553L, 
-250465752L, 1729844870L, -1018126157L, 1927951893L, 492714098L, 
-1319394112L, 1646360873L, 313540507L, -1342973844L, 1558842490L, 
141465007L, -1378069319L, 966467278L, -280175588L, 614514573L, 
658446839L, -1946620672L, 514673502L, 36379691L, -2017307859L, 
-1605156966L, 887844184L, 1187397825L, 1434500979L, -818838380L, 
-1186189022L, -112734153L, 1485988097L, 326882310L, -1857686972L, 
-2125825163L, -324755745L, 1271605816L, -1800199658L, 2018989603L, 
-1349221915L, -316420094L, -1534170512L, -926261223L, -1340671477L, 
-127168260L, 1833110826L, 676778847L, -1020386583L, -1812092418L, 
-1228311060L, -885603011L, -1867895545L, -1906946832L, 1768640654L, 
-782587205L, -568819043L, 2096322122L, 922098792L, -999394223L, 
572333891L, 1036896836L, 1729710322L, 972354759L, -300937583L, 
-857092074L, 776870516L, 1530551557L, -491498673L, 1178778952L, 
-701763354L, -1930762733L, 93583733L, -358826670L, -1844204128L, 
1269701769L, 491154619L, 230489868L, 1804310170L, 1190726671L, 
343345241L, 217851118L, -821485700L, 1109969901L, 1631958167L, 
187547488L, 2099181374L, 1618110475L, -514502515L, -43791942L, 
1524819960L, 1758888865L, -1560052397L, 772945012L, 1816913410L, 
-1030063977L, 1923721825L, -1182621018L, -513529180L, -893804715L, 
-293739521L, -1231134056L, -586889290L, 806235203L, -483539579L, 
284139042L, -1904556784L, 1312949433L, 2102069611L, 1596827740L, 
-1947187830L, 342040959L, -1808499511L, 299680094L, 2091536908L, 
550082013L, 1040288999L, -1385768688L, -671905746L, 2103602907L, 
46524349L, 136233258L, 1774626248L, -809411855L, 464581731L, 
-141029276L, -1919935598L, -1116008345L, 82620465L, 205488502L, 
-1511584108L, 958743717L, -1277716049L, -707558808L, -56010170L, 
-912891917L, 1130594133L, -268689102L, 1004815616L, 1007867369L, 
-463699877L, -287821140L, -96334662L, 934973039L, -1184146439L, 
-243752306L, -614116516L, -732119091L, 391733047L, -1743233600L, 
